#Map:
163 168 168 168 168 168 168 168 168 168 168
160 160 160 160 160 160 160 160 160 160 168
133 168 168 156 168 160 133 143 168 160 168
143 168 123 160 168 160 133 143 168 160 168
160 156 160 160 168 160 160 160 168 160 168
143 168 168 160 168 156 168 168 168 160 168
168 168 144 160 168 160 160 160 160 160 168
160 156 160 160 168 168 168 168 168 168 168
168 168 168 160 160 158 160 160 160 156 160
168 168 143 160 145 66 168 160 143 168 144
168 168 143 160 168 162 168 160 143 143 143
162 160 168 44 168 160 123 124 143 145 160
168 160 124 160 134 160 123 124 143 144 160
168 160 143 160 143 160 123 124 143 168 160
168 160 143 160 143 160 160 160 160 156 160
168 160 168 160 168 168 168 156 168 168 160
168 160 156 160 160 156 160 160 156 160 160
168 155 168 168 168 168 160 168 42 168 160
168 160 156 160 160 157 160 159 160 159 160
168 160 143 160 134 133 160 168 160 168 160
168 160 143 160 134 133 160 168 160 168 160
163 160 123 160 134 133 160 98 160 108 160
126 168 168 160 116 117 118 160 160 160 160
2 168 168 160 168 168 168 160 168 168 168
168 168 168 160 160 156 160 160 168 160 168
160 168 160 160 168 168 168 160 168 160 168
168 168 168 160 160 160 168 160 168 160 168
168 160 168 168 168 168 168 160 168 160 168
168 160 160 160 160 160 168 168 168 160 168
168 168 168 168 168 160 160 168 160 160 168
160 160 160 160 168 160 168 168 168 160 168
160 168 168 168 168 160 168 168 168 160 168
162 168 160 160 160 160 168 168 168 160 163
168 168 168 160 168 168 168 160 168 168 168
168 160 168 160 168 168 168 160 168 160 168
168 160 168 160 160 159 160 160 168 160 168
168 160 168 160 168 168 168 160 168 160 168
168 160 168 160 168 168 168 160 168 160 168
168 160 168 160 160 158 160 160 168 160 168
168 160 168 160 168 168 168 160 168 160 168
168 160 168 160 168 168 168 160 168 160 168
168 160 168 160 160 157 160 160 168 160 168
168 160 168 160 143 168 143 160 168 160 168
163 160 168 168 168 168 168 168 168 160 162
152 160 168 160 168 168 168 168 168 143 144
168 160 168 160 168 168 168 168 168 168 143
168 160 168 160 168 168 160 160 156 160 160
168 156 168 160 168 168 160 168 168 168 168
168 160 168 160 160 160 160 168 168 168 168
168 160 168 168 168 168 168 168 168 168 168
168 160 160 168 160 160 160 160 168 168 168
168 168 160 168 160 168 168 168 168 168 168
160 160 160 168 160 168 160 157 160 168 160
168 168 160 168 160 168 160 168 156 168 160
162 168 168 168 168 168 160 143 160 163 160
168 168 160 168 160 143 168 168 160 168 168
168 143 160 168 160 168 143 168 160 168 168
143 168 157 168 157 168 168 143 160 168 168
168 168 160 168 160 168 168 168 160 168 168
160 160 160 158 160 160 160 160 160 156 160
168 168 168 168 143 143 143 168 168 168 168
168 160 160 160 160 160 160 160 160 160 160
168 160 168 156 168 168 168 168 168 168 160
168 160 156 160 156 160 160 160 160 157 160
168 160 168 160 168 168 160 160 168 66 160
168 168 168 160 163 168 156 168 168 162 160
163 168 168 168 168 168 168 168 160 160 160
160 160 168 168 160 157 160 168 168 160 160
160 168 168 168 160 168 160 168 168 168 160
168 168 160 160 160 159 160 160 160 160 168
0 168 168 157 168 159 168 159 168 157 168
168 168 160 160 160 160 159 160 160 160 160
168 168 160 168 168 160 168 160 168 168 160
168 168 160 143 168 160 157 160 168 143 160
168 168 160 160 144 144 168 144 144 160 160
168 168 168 160 160 160 158 160 160 160 168
168 160 168 168 156 162 66 168 156 168 168
160 162 160 168 168 168 168 160 168 143 168
168 66 160 168 160 160 156 160 156 160 160
168 168 160 168 160 168 168 157 168 168 160
168 168 160 168 160 168 160 160 160 168 160
168 0 168 160 168 160 168 160 168 168 168
160 168 168 160 168 160 168 160 160 160 160
160 168 168 160 168 160 168 168 168 160 168
168 168 168 160 168 160 160 160 168 160 156
160 160 168 160 168 168 168 160 168 160 168
168 168 168 160 160 160 156 160 168 160 160
160 168 168 168 168 168 168 160 168 168 168
168 168 168 143 168 160 160 160 168 168 168
160 168 143 168 168 156 168 168 168 160 168
156 168 160 156 160 160 168 160 160 160 168
160 143 168 168 168 160 168 160 66 168 168
160 143 0 168 168 168 158 168 160 162 160
168 160 168 160 157 160 160 168 160 160 160
168 160 160 168 168 168 160 168 160 163 160
168 160 168 160 156 160 160 168 168 168 156
168 160 143 168 168 168 160 160 157 160 160
168 160 143 144 168 168 160 168 168 168 160
168 156 168 168 144 168 156 168 168 168 160
168 160 168 168 160 160 168 168 160 168 168
160 160 168 168 168 160 160 156 160 156 160
160 168 168 168 168 168 168 168 160 168 168
168 168 168 168 160 168 160 160 160 160 160
168 160 160 0 168 160 168 168 143 143 143
168 168 160 143 168 160 168 160 160 160 160
156 160 160 143 168 160 168 159 66 162 160
168 156 168 168 168 160 160 160 160 160 160
156 160 160 168 168 160 168 168 168 160 168
168 168 160 143 168 160 168 168 168 158 168
160 168 160 143 163 160 168 168 168 160 144
160 144 160 168 168 160 143 160 144 160 145
160 168 168 168 168 160 143 160 144 160 145
160 168 168 168 168 160 143 160 144 160 145
160 168 168 168 156 160 156 160 156 160 156
160 160 157 160 0 168 168 168 168 168 160
168 168 168 168 168 156 160 160 157 160 160
160 157 160 160 156 168 160 168 168 168 168
168 168 168 160 168 168 160 168 160 160 160
160 160 168 160 168 168 160 168 160 168 168
168 160 168 160 168 160 160 158 160 168 168
168 160 158 160 160 162 66 168 168 168 168
168 168 168 168 163 168 168 160 168 168 168
168 168 160 168 168 168 168 160 168 160 156
160 168 160 168 168 168 168 160 168 160 168
160 168 160 168 168 168 168 160 168 160 143
160 168 160 168 168 0 168 168 160 168 160
143 160 168 160 168 168 160 157 160 168 160
168 160 168 160 157 160 168 168 168 168 160
168 160 168 168 168 168 160 160 160 168 160
160 160 168 160 160 160 168 168 156 168 168
168 168 168 156 168 168 160 160 160 160 160
157 160 160 160 160 160 163 168 168 168 168
168 168 168 168 66 162 168 168 168 168 168
168 168 160 168 168 168 168 160 160 160 160
160 156 160 168 160 168 168 160 168 168 168
168 168 160 168 160 168 168 160 158 160 160
160 168 160 168 160 168 0 168 160 168 168
168 160 168 160 168 160 168 168 160 168 168
159 160 168 160 168 160 168 168 160 168 159
168 160 168 160 168 160 168 168 160 160 160
160 160 168 160 168 160 168 168 168 168 160
168 168 168 168 168 160 168 160 160 168 160
168 160 160 160 160 160 168 162 66 168 168
168 163 160 168 168 156 168 160 168 168 152
163 168 168 168 168 168 160 160 168 168 160
160 160 160 160 168 168 160 160 168 160 160
160 160 160 160 160 168 160 160 168 160 160
160 168 160 160 160 168 160 0 160 168 160
160 160 159 160 160 160 168 160 160 168 168
160 160 168 160 160 168 168 160 160 168 166
166 160 168 160 166 166 168 160 160 168 166
166 160 168 160 166 166 168 160 160 168 166
166 160 157 160 166 166 168 160 160 168 168
168 157 66 168 168 168 168 160 160 160 160
160 160 162 160 160 160 160 160 168 168 168
66 162 166 163 168 168 168 168 168 166 166
166 166 166 166 166 166 166 168 168 166 166
160 160 160 160 160 166 166 168 168 166 160
160 168 160 168 160 160 166 168 0 168 166
160 160 168 160 168 160 160 166 168 168 166
160 160 168 160 168 160 160 166 168 168 166
166 160 168 160 168 160 166 166 168 168 166
166 160 156 160 156 160 166 166 168 168 166
166 166 168 168 168 166 166 166 168 168 166
166 166 166 158 166 166 166 166 168 168 168
168 168 168 168 168 168 168 168 168 166 166
166 166 166 66 162 166 166 166 166 166 166
166 166 166 168 166 166 166 166 166 166 166
166 166 166 168 166 166 166 166 166 166 166
166 166 160 158 160 166 166 166 166 0 166
166 166 160 168 168 160 160 166 166 166 166
166 166 160 160 168 160 160 166 166 166 166
166 166 160 160 168 160 160 166 166 166 166
166 166 160 160 163 160 160 166 166 166 166
166 166 166 160 160 160 166 166 166 166 166
166 166 166 166 166 166 166 166 166 166 166
166 166 166 166 166 166 166 166 166 166 166
168 168 168 168 168 168 168 168 168 168 166
168 166 166 166 166 166 166 166 166 168 166
168 166 168 168 168 168 168 168 168 168 166
168 166 168 166 166 166 166 166 166 166 0
166 168 166 168 166 168 168 168 168 168 166
166 168 166 168 168 168 166 166 166 168 166
166 168 166 166 166 166 166 168 168 168 166
166 168 166 166 166 162 166 168 166 166 166
166 168 168 168 168 66 166 168 168 168 168
166 166 166 166 166 166 166 166 166 166 168
163 168 168 168 168 168 168 168 168 168 168
166 166 166 166 166 166 166 166 166 166 166
166 166 166 166 166 166 166 166 166 166 166
166 166 166 166 166 166 166 166 166 166 166
166 166 166 166 160 160 160 166 166 166 166
166 166 166 160 160 168 160 160 166 166 166
166 166 166 160 160 159 160 160 166 166 166
166 166 166 160 160 158 160 160 166 166 166
166 166 166 166 160 158 160 166 166 166 166
166 166 166 166 166 166 166 166 166 166 166
166 166 166 166 166 166 166 166 166 166 166
163 66 168 168 168 168 168 168 168 168 163
168 168 168 168 168 168 168 168 168 168 168
168 166 168 166 166 166 166 166 168 166 168
168 166 168 166 166 166 166 166 168 166 168
168 166 168 166 166 163 166 166 168 166 168
0 168 166 168 166 166 168 166 166 168 166
168 168 166 168 166 166 168 166 166 168 166
168 168 166 159 166 166 168 166 166 159 166
168 168 166 168 166 166 168 166 166 168 166
168 168 166 166 166 166 168 166 166 166 166
168 168 166 166 166 166 168 166 166 166 166
168 168 168 168 168 168 168 168 168 168 66
162 168 168 168 168 168 168 168 168 168 168
168 168 168 168 168 168 163 168 168 168 168
168 168 168 168 168 168 168 168 168 168 168
168 168 168 168 168 168 168 168 168 168 168
168 0 168 168 168 168 168 168 168 168 168
168 168 168 168 168 168 168 168 168 168 168
168 168 168 168 168 168 168 66 168 168 168
168 168 168 168 168 168 168 162 168 168 168
168 168 168 168 168 168 168 168 168 168 168
168 168 168 168 168 168 168 168 168 168 168
0 0 0 0 0 0 0 0 0 0 0
0 0 0 0 0 0 0 0 0 0 0
0 0 0 0 0 0 0 0 0 0 0
0 0 0 0 0 0 0 0 0 0 0
0 0 0 0 0 0 0 0 0 0 0
0 0 0 0 0 0 0 0 0 0 0
0 0 0 0 0 0 0 0 0 0 0
0 0 0 0 0 0 0 0 0 0 0
0 0 0 0 0 0 0 0 0 0 0
0 0 0 0 0 0 0 0 0 0 0
0 0 0 0 0 0 0 0 0 0 0
0 0 0 0 0 0 0 0 0 0 0
0 0 0 0 0 0 0 0 0 0 0
0 0 0 0 0 0 0 0 0 0 0
0 0 0 0 0 0 0 0 0 0 0
0 0 0 0 0 0 0 0 0 0 0
0 0 0 0 0 0 0 0 0 0 0
0 0 0 0 0 0 0 0 0 0 0
0 0 0 0 0 0 0 0 0 0 0
0 0 0 0 0 0 0 0 0 0 0
0 0 0 0 0 0 0 0 0 0 0
0 0 0 0 0 0 0 0 0 0 0
0 0 0 0 0 0 0 0 0 0 0
0 0 0 0 0 0 0 0 0 0 0
0 0 0 0 0 0 0 0 0 0 0
0 0 0 0 0 0 0 0 0 0 0
0 0 0 0 0 0 0 0 0 0 0
0 0 0 0 0 0 0 0 0 0 0
0 0 0 0 0 0 0 0 0 0 0
0 0 0 0 0 0 0 0 0 0 0
0 0 0 0 0 0 0 0 0 0 0
0 0 0 0 0 0 0 0 0 0 0
0 0 0 0 0 0 0 0 0 0 0
0 0 0 0 0 0 0 0 0 0 0
0 0 0 0 0 0 0 0 0 0 0
0 0 0 0 0 0 0 0 0 0 0
0 0 0 0 0 0 0 0 0 0 0
0 0 0 0 0 0 0 0 0 0 0
0 0 0 0 0 0 0 0 0 0 0
0 0 0 0 0 0 0 0 0 0 0
0 0 0 0 0 0 0 0 0 0 0
0 0 0 0 0 0 0 0 0 0 0
0 0 0 0 0 0 0 0 0 0 0
0 0 0 0 0 0 0 0 0 0 0
#hero:
9 9 5 537 23 13 25 24 1 0 0 0 0
